80
60
2
1
1
0
1
y
2
1
0
1
y
3
1
0
1
y
1
1
0
1
y
1
1
0
1
y
2
1
0
1
y
3
1
0
1
y
1
1
0
1
y
3
1
0
1
y
4
1
0
1
y
5
2
0
1
y
3
1
0
1
y
4
1
0
1
y
5
2
0
1
y
5
0.5
0
1
y
6
0.5
0
1
y
5
0.5
0
1
y
4
0.5
0
1
y
3
1
0
1
y
1
1
0
1
y
5
0.5
0
1
y
6
0.5
0
1
y
5
0.5
0
1
y
4
0.5
0
1
y
3
1
0
1
y
1
1
0
1
y
2
1
0
1
y
5
1
-1
1
y
1
2
0
1
y
2
1
0
1
y
5
1
-1
1
y
1
2
0
1
n
1